6.200000000000000178e+00 4.785562500000000000e+07
6.205000000000000071e+00 4.727321000000000000e+07
6.209999999999999964e+00 4.727156100000000000e+07
6.214999999999999858e+00 4.729124600000000000e+07
6.219999999999999751e+00 4.602670900000000000e+07
6.225000000000000533e+00 4.479537100000000000e+07
6.230000000000000426e+00 4.478114600000000000e+07
6.235000000000000320e+00 4.358174900000000000e+07
6.240000000000000213e+00 4.357498400000000000e+07
6.245000000000000107e+00 4.236730800000000000e+07
6.250000000000000000e+00 4.236625800000000000e+07
6.254999999999999893e+00 4.238107300000000000e+07
6.259999999999999787e+00 4.123229500000000000e+07
6.265000000000000568e+00 4.001937900000000000e+07
6.270000000000000462e+00 4.003427900000000000e+07
6.275000000000000355e+00 3.885176300000000000e+07
6.280000000000000249e+00 3.888252000000000000e+07
6.285000000000000142e+00 3.777867600000000000e+07
6.290000000000000036e+00 3.777592900000000000e+07
6.294999999999999929e+00 3.778488200000000000e+07
6.299999999999999822e+00 3.672633300000000000e+07
6.305000000000000604e+00 3.565411800000000000e+07
6.310000000000000497e+00 3.567222800000000000e+07
6.315000000000000391e+00 3.466639700000000000e+07
6.320000000000000284e+00 3.465207700000000000e+07
6.325000000000000178e+00 3.367403200000000000e+07
6.330000000000000071e+00 3.370643600000000000e+07
6.334999999999999964e+00 3.367408700000000000e+07
6.339999999999999858e+00 3.273848200000000000e+07
6.344999999999999751e+00 3.271109400000000000e+07
6.350000000000000533e+00 3.187297500000000000e+07
6.355000000000000426e+00 3.092985400000000000e+07
6.360000000000000320e+00 3.099873400000000000e+07
6.365000000000000213e+00 3.017523400000000000e+07
6.370000000000000107e+00 3.020287200000000000e+07
6.375000000000000000e+00 2.941580700000000000e+07
6.379999999999999893e+00 2.945123000000000000e+07
6.384999999999999787e+00 2.943171400000000000e+07
6.390000000000000568e+00 2.870678300000000000e+07
6.395000000000000462e+00 2.807023600000000000e+07
6.400000000000000355e+00 2.802147800000000000e+07
6.405000000000000249e+00 2.746202900000000000e+07
6.410000000000000142e+00 2.740954000000000000e+07
6.415000000000000036e+00 2.689574400000000000e+07
6.419999999999999929e+00 2.690584700000000000e+07
6.424999999999999822e+00 2.685552400000000000e+07
6.430000000000000604e+00 2.634533800000000000e+07
6.435000000000000497e+00 2.585179800000000000e+07
6.440000000000000391e+00 2.587880000000000000e+07
6.445000000000000284e+00 2.543913300000000000e+07
6.450000000000000178e+00 2.545777000000000000e+07
6.455000000000000071e+00 2.509182000000000000e+07
6.459999999999999964e+00 2.509393900000000000e+07
6.464999999999999858e+00 2.509632800000000000e+07
6.470000000000000639e+00 2.476566000000000000e+07
6.475000000000000533e+00 2.453800600000000000e+07
6.480000000000000426e+00 2.450595800000000000e+07
6.485000000000000320e+00 2.427794200000000000e+07
6.490000000000000213e+00 2.428478400000000000e+07
6.495000000000000107e+00 2.410235200000000000e+07
6.500000000000000000e+00 2.412630100000000000e+07
6.504999999999999893e+00 2.413036900000000000e+07
6.509999999999999787e+00 2.401235900000000000e+07
6.515000000000000568e+00 2.399020200000000000e+07
6.520000000000000462e+00 2.402091000000000000e+07
6.525000000000000355e+00 2.403738600000000000e+07
6.530000000000000249e+00 2.402939400000000000e+07
6.535000000000000142e+00 2.411915200000000000e+07
6.540000000000000036e+00 2.414690400000000000e+07
6.544999999999999929e+00 2.415221500000000000e+07
6.549999999999999822e+00 2.427751900000000000e+07
6.554999999999999716e+00 2.427321300000000000e+07
6.560000000000000497e+00 2.455674700000000000e+07
6.565000000000000391e+00 2.480499400000000000e+07
6.570000000000000284e+00 2.476124900000000000e+07
6.575000000000000178e+00 2.512811800000000000e+07
6.580000000000000071e+00 2.514753900000000000e+07
6.584999999999999964e+00 2.514722000000000000e+07
6.589999999999999858e+00 2.551543200000000000e+07
6.595000000000000639e+00 2.597144800000000000e+07
6.600000000000000533e+00 2.598417400000000000e+07
6.605000000000000426e+00 2.643448800000000000e+07
6.610000000000000320e+00 2.645547300000000000e+07
6.615000000000000213e+00 2.701692400000000000e+07
6.620000000000000107e+00 2.696235100000000000e+07
6.625000000000000000e+00 2.697170700000000000e+07
6.629999999999999893e+00 2.757909900000000000e+07
6.634999999999999787e+00 2.754965800000000000e+07
6.640000000000000568e+00 2.818609300000000000e+07
6.645000000000000462e+00 2.891890000000000000e+07
6.650000000000000355e+00 2.890487000000000000e+07
6.655000000000000249e+00 2.961144300000000000e+07
6.660000000000000142e+00 2.962067400000000000e+07
6.665000000000000036e+00 3.041963400000000000e+07
6.669999999999999929e+00 3.035530700000000000e+07
6.674999999999999822e+00 3.038916200000000000e+07
6.679999999999999716e+00 3.116493500000000000e+07
6.685000000000000497e+00 3.205447700000000000e+07
6.690000000000000391e+00 3.204571500000000000e+07
6.695000000000000284e+00 3.298895500000000000e+07
