-5.000000000000000278e-02 4.327160014000000000e+10
-4.900000000000000189e-02 4.229601561600000000e+10
-4.800000000000000100e-02 4.064429805600000000e+10
-4.700000000000000011e-02 3.907802600400000000e+10
-4.599999999999999922e-02 3.757231462400000000e+10
-4.500000000000000527e-02 3.606662167200000000e+10
-4.400000000000000439e-02 3.449007924000000000e+10
-4.300000000000000350e-02 3.321124167200000000e+10
-4.200000000000000261e-02 3.199677433600000000e+10
-4.100000000000000172e-02 3.053854827600000000e+10
-4.000000000000000083e-02 2.902224675200000000e+10
-3.900000000000000688e-02 2.753411005200000000e+10
-3.800000000000000600e-02 2.611148270000000000e+10
-3.700000000000000511e-02 2.486350298000000000e+10
-3.600000000000000422e-02 2.365567279200000000e+10
-3.500000000000000333e-02 2.241677010400000000e+10
-3.400000000000000244e-02 2.131834994400000000e+10
-3.300000000000000155e-02 2.022123738000000000e+10
-3.200000000000000067e-02 1.917064528000000000e+10
-3.100000000000000325e-02 1.808653116000000000e+10
-3.000000000000000236e-02 1.712679074800000000e+10
-2.900000000000000147e-02 1.614823857600000000e+10
-2.800000000000000405e-02 1.521139532800000000e+10
-2.700000000000000316e-02 1.425646960000000000e+10
-2.600000000000000228e-02 1.341113688400000000e+10
-2.500000000000000139e-02 1.259440217200000000e+10
-2.400000000000000050e-02 1.179995796800000000e+10
-2.300000000000000308e-02 1.100579831600000000e+10
-2.200000000000000219e-02 1.031315544000000000e+10
-2.100000000000000130e-02 9.620588260000000000e+09
-2.000000000000000389e-02 8.989812000000000000e+09
-1.900000000000000300e-02 8.340327076000000000e+09
-1.800000000000000211e-02 7.744905728000000000e+09
-1.700000000000000122e-02 7.217794196000000000e+09
-1.600000000000000033e-02 6.712607252000000000e+09
-1.499999999999999944e-02 6.177500856000000000e+09
-1.399999999999999856e-02 5.784824896000000000e+09
-1.300000000000000461e-02 5.378490852000000000e+09
-1.200000000000000372e-02 5.023498424000000000e+09
-1.100000000000000283e-02 4.658331140000000000e+09
-1.000000000000000194e-02 4.367445940000000000e+09
-9.000000000000001055e-03 4.120519908000000000e+09
-8.000000000000000167e-03 3.892536496000000000e+09
-6.999999999999999278e-03 3.700906976000000000e+09
-6.000000000000005329e-03 3.546038540000000000e+09
-5.000000000000004441e-03 3.435915564000000000e+09
-4.000000000000003553e-03 3.356594168000000000e+09
-3.000000000000002665e-03 3.298625064000000000e+09
-2.000000000000001776e-03 3.285552988000000000e+09
-1.000000000000000888e-03 3.304229120000000000e+09
0.000000000000000000e+00 3.337687668000000000e+09
1.000000000000000888e-03 3.420579944000000000e+09
2.000000000000001776e-03 3.589174368000000000e+09
2.999999999999995726e-03 3.737615796000000000e+09
3.999999999999996614e-03 3.846669724000000000e+09
4.999999999999997502e-03 4.068563172000000000e+09
5.999999999999998390e-03 4.410659788000000000e+09
6.999999999999999278e-03 4.712039560000000000e+09
8.000000000000000167e-03 5.041980024000000000e+09
9.000000000000001055e-03 5.393607080000000000e+09
9.999999999999995004e-03 5.789218568000000000e+09
1.099999999999999589e-02 6.224430084000000000e+09
1.199999999999999678e-02 6.691071444000000000e+09
1.299999999999999767e-02 7.208089148000000000e+09
1.399999999999999856e-02 7.788540472000000000e+09
1.499999999999999944e-02 8.369686612000000000e+09
1.600000000000000033e-02 9.019958260000000000e+09
1.700000000000000122e-02 9.686988988000000000e+09
1.800000000000000211e-02 1.042688139200000000e+10
1.900000000000000300e-02 1.114618994000000000e+10
2.000000000000000389e-02 1.191149996800000000e+10
2.100000000000000477e-02 1.274391292800000000e+10
2.200000000000000566e-02 1.359957862400000000e+10
2.299999999999999267e-02 1.445824649600000000e+10
2.399999999999999356e-02 1.533032076800000000e+10
2.499999999999999445e-02 1.621698310000000000e+10
2.599999999999999534e-02 1.733432835600000000e+10
2.699999999999999623e-02 1.831755009600000000e+10
2.799999999999999711e-02 1.934639494800000000e+10
2.899999999999999800e-02 2.040323280400000000e+10
2.999999999999999889e-02 2.155519964000000000e+10
3.099999999999999978e-02 2.268581792800000000e+10
3.200000000000000067e-02 2.382815408400000000e+10
3.300000000000000155e-02 2.499940853600000000e+10
3.400000000000000244e-02 2.627020080000000000e+10
3.500000000000000333e-02 2.752646702400000000e+10
3.600000000000000422e-02 2.882607887600000000e+10
3.700000000000000511e-02 3.013833088000000000e+10
3.799999999999999212e-02 3.157030430400000000e+10
3.899999999999999301e-02 3.294436604800000000e+10
3.999999999999999389e-02 3.445330273200000000e+10
4.099999999999999478e-02 3.589961809600000000e+10
4.199999999999999567e-02 3.741778600400000000e+10
4.299999999999999656e-02 3.901260595200000000e+10
4.399999999999999745e-02 4.061178188000000000e+10
4.499999999999999833e-02 4.218566457600000000e+10
4.599999999999999922e-02 4.390658629200000000e+10
4.700000000000000011e-02 4.554718178400000000e+10
4.800000000000000100e-02 4.720154820400000000e+10
4.900000000000000189e-02 4.887743911200000000e+10
