2.099999999999999922e-01 2.776993784400000000e+10
2.109999999999999931e-01 2.666678773600000000e+10
2.119999999999999940e-01 2.514533598400000000e+10
2.129999999999999949e-01 2.368829333200000000e+10
2.139999999999999958e-01 2.217940844400000000e+10
2.149999999999999967e-01 2.078545634400000000e+10
2.159999999999999976e-01 1.946327957200000000e+10
2.169999999999999984e-01 1.815360791200000000e+10
2.179999999999999993e-01 1.683590046000000000e+10
2.190000000000000002e-01 1.565952223600000000e+10
2.200000000000000011e-01 1.450762541200000000e+10
2.210000000000000020e-01 1.340964393600000000e+10
2.220000000000000029e-01 1.230829226000000000e+10
2.230000000000000038e-01 1.128357965600000000e+10
2.240000000000000047e-01 1.032983570800000000e+10
2.249999999999999778e-01 9.416675852000000000e+09
2.259999999999999787e-01 8.488876512000000000e+09
2.269999999999999796e-01 7.658295284000000000e+09
2.279999999999999805e-01 6.876730040000000000e+09
2.289999999999999813e-01 6.139214284000000000e+09
2.299999999999999822e-01 5.415706288000000000e+09
2.309999999999999831e-01 4.773301144000000000e+09
2.319999999999999840e-01 4.231730172000000000e+09
2.329999999999999849e-01 3.687108568000000000e+09
2.339999999999999858e-01 3.117315992000000000e+09
2.349999999999999867e-01 2.665691660000000000e+09
2.359999999999999876e-01 2.262627680000000000e+09
2.369999999999999885e-01 1.894802960000000000e+09
2.379999999999999893e-01 1.565993612000000000e+09
2.389999999999999902e-01 1.306891748000000000e+09
2.399999999999999911e-01 1.093987548000000000e+09
2.409999999999999920e-01 9.339315000000000000e+08
2.419999999999999929e-01 8.072797400000000000e+08
2.429999999999999938e-01 7.353432600000000000e+08
2.439999999999999947e-01 7.041824280000000000e+08
2.449999999999999956e-01 7.170904840000000000e+08
2.459999999999999964e-01 7.762460840000000000e+08
2.469999999999999973e-01 8.886511680000000000e+08
2.479999999999999982e-01 1.036817196000000000e+09
2.489999999999999991e-01 1.238037916000000000e+09
2.500000000000000000e-01 1.484721148000000000e+09
2.510000000000000009e-01 1.791503924000000000e+09
2.520000000000000018e-01 2.127508872000000000e+09
2.530000000000000027e-01 2.512543852000000000e+09
2.540000000000000036e-01 2.945069300000000000e+09
2.550000000000000044e-01 3.456462344000000000e+09
2.560000000000000053e-01 3.989118556000000000e+09
2.570000000000000062e-01 4.567368820000000000e+09
2.580000000000000071e-01 5.180153976000000000e+09
2.590000000000000080e-01 5.894244312000000000e+09
2.600000000000000089e-01 6.615491352000000000e+09
2.610000000000000098e-01 7.385664572000000000e+09
2.620000000000000107e-01 8.207034192000000000e+09
2.630000000000000115e-01 9.127276284000000000e+09
2.640000000000000124e-01 1.003198047600000000e+10
2.650000000000000133e-01 1.099461478000000000e+10
2.660000000000000142e-01 1.199975050000000000e+10
2.670000000000000151e-01 1.309776020400000000e+10
2.680000000000000160e-01 1.419748736800000000e+10
2.690000000000000169e-01 1.535086697200000000e+10
2.700000000000000178e-01 1.655097021200000000e+10
2.710000000000000187e-01 1.786401755600000000e+10
2.720000000000000195e-01 1.916342691600000000e+10
2.730000000000000204e-01 2.046835741200000000e+10
2.740000000000000213e-01 2.182122871200000000e+10
2.750000000000000222e-01 2.330468607600000000e+10
2.760000000000000231e-01 2.475089478000000000e+10
2.770000000000000240e-01 2.625664808000000000e+10
2.780000000000000249e-01 2.781308254400000000e+10
2.790000000000000258e-01 2.948915658800000000e+10
