8.500000000000000000e+01 6.032600274648505547e+03
8.509999999999999432e+01 5.732086630046866048e+03
8.520000000000000284e+01 5.365581482383374350e+03
8.529999999999999716e+01 5.024722445329777656e+03
8.540000000000000568e+01 4.664445351733718780e+03
8.550000000000000000e+01 4.335131198553304785e+03
8.559999999999999432e+01 4.004236301506574819e+03
8.570000000000000284e+01 3.707256141667531665e+03
8.579999999999999716e+01 3.405583151032726164e+03
8.590000000000000568e+01 3.130735533049636160e+03
8.600000000000000000e+01 2.858749311382743599e+03
8.609999999999999432e+01 2.610800033532666475e+03
8.620000000000000284e+01 2.376182112318464533e+03
8.629999999999999716e+01 2.158473243726597047e+03
8.640000000000000568e+01 1.951597390439996389e+03
8.650000000000000000e+01 1.761459165994682735e+03
8.659999999999999432e+01 1.601757734469185834e+03
8.670000000000000284e+01 1.439648711387533922e+03
8.679999999999999716e+01 1.291989040007664698e+03
8.690000000000000568e+01 1.158121975074051306e+03
8.700000000000000000e+01 1.042405350057085343e+03
8.709999999999999432e+01 9.371232644849143298e+02
8.720000000000000284e+01 8.499710541233204140e+02
8.729999999999999716e+01 7.722089404475813126e+02
8.740000000000000568e+01 7.121218972303614692e+02
8.750000000000000000e+01 6.642585847617982608e+02
8.759999999999999432e+01 6.319909681359829392e+02
8.770000000000000284e+01 6.144521939944590940e+02
8.779999999999999716e+01 6.103104705750852190e+02
8.790000000000000568e+01 6.199985369378288169e+02
8.800000000000000000e+01 6.441976650885022764e+02
8.809999999999999432e+01 6.821013045804025978e+02
8.820000000000000284e+01 7.319184856807530650e+02
8.829999999999999716e+01 7.970481193762924477e+02
8.840000000000000568e+01 8.784246113803482103e+02
8.850000000000000000e+01 9.731428631308332342e+02
8.859999999999999432e+01 1.085525327143096774e+03
8.870000000000000284e+01 1.206790448778852124e+03
8.879999999999999716e+01 1.343663487716665031e+03
8.890000000000000568e+01 1.499788105484187781e+03
8.900000000000000000e+01 1.664922954706948531e+03
8.909999999999999432e+01 1.848391619627787350e+03
8.920000000000000284e+01 2.045532321099232831e+03
8.929999999999999716e+01 2.257396230369418390e+03
8.940000000000000568e+01 2.483069470503229695e+03
8.950000000000000000e+01 2.729697072278864198e+03
8.959999999999999432e+01 2.940584757806324887e+03
8.970000000000000284e+01 3.222515053772025567e+03
8.979999999999999716e+01 3.498962237826444380e+03
8.990000000000000568e+01 3.799578318735977973e+03
